59018651
59018603
58935920
58738718
58738648
58643918
58530072
58530065
58297231
58157051
58156920
57444642
57197314
57197284
57052148
56906484
56795896
56795855
56564657
56376703
56376566
56029458
55710696
55710389
55277254
54972333
54815159
54814901
54061649
53480686
52930255
52929644
52804020
51860327
51860319
50484042
48519643
48306091
47363950
47363688
45057413
43361795
43360991
42180657
41033316
41033090
40218473
37849228
36517733
36517659
35433819
35432244
32857231
32857223
32216891
32216607
24759024
24758631
21761162
21760790
19406805
19406424
16925788
16925284
14163428
14015494
12107260
12107184
10442517
10442492
9226021
9189277
7992607
7744875
7352672
6961368
6425565
7623369
6045913
5540085
4946437
4476978
4235589
4235251
4235245
4235230
4235216
4235201
4235182
4235168
4233860
4233807
4233722
4233696
4233561
4233504
4233480
4229651
4229644
4229635
4229624
4229614
4229602
4229574
4229455
4236169
4229026
4228968
4228929
4228879
4228861
4228814
4228764
4228721
4226428
4226105
4224859
4224826